Illustration for debugging...
even:
                          - s  m  e |  s  m  e
0  1  2  3  4  5  6  7    - 0  4  8 |
0  1  2  3 |4  5  6  7    - 0  2  4 |  4  6  8 
0  1 |2  3 |4  5 |6  7    - 0  1  2 |  2  3  4 |  4  5  6 |  6  7  8 
0 |1 |2 |3 |4 |5 |6 |7    -
0  1  2  3  4  5  6  7    -
odd:
                          - s  m  e |  s  m  e
0  1  2  3  4  5  6       - 0  4  7 |
0  1  2  3 |4  5  6       - 0  2  4 |  4  6  7 
0  1 |2  3 |4  5 |6       - 0  1  2 |  2  3  4 |  4  5  6 |  sorted
0 |1 |2 |3 |4 |5 |6       -
0  1  2  3  4  5  6       -